0.8839149603118726
0.3365069735617259
0.11970094747573712
0.6094159284175725
0.48930579174872535
0.7449101593420331
0.669255349426036
0.02132794505230784
0.06469523038403957
0.14328947471274167
0.3201246979575739
0.14253067499740046
0.895944659142466
0.46119156019384344
0.968142928540298
0.9219361151895168
0.22657621238778303
0.8129708071080349
0.24725973864410233
0.08219432863564091
0.2691029676887364
0.16894395337510315
0.858592445060684
0.39499445073468065
0.6817858675640652
0.10002762870234516
0.6483619516931959
0.2512580373316676
0.7203623966937638
0.29811928968233603
0.5475624113537767
0.47840215513909046
0.04424893889307702
0.7090702574713741
0.018063321802148646
0.5096860560550543
0.6168985453135986
0.2032923524673318
0.7416593288946096
0.3589464461833063
0.3709987051337893
0.17326763322593197
0.9362819175389173
0.3142788089339462
0.5469439742969274
0.8075851421890702
0.2091146686211407
0.28786422685286683
0.2583624748430855
0.2611425367704475
0.3737687203130895
0.10261257915881017
0.1765675167194507
0.08362848151668234
0.9873205653397663
0.18804679457706486
0.7952115255729368
0.5431990788974649
0.9738414592756108
0.7426032073233251
0.2523419390877859
0.16050579241521745
0.10801225995810138
0.6409415744711238
0.46603245271437166
0.8967086759233895
0.0036395084292309976
0.14476412767386992
0.7342325274568442
0.4516082680401051
0.5304597861767741
0.2532505836891846
0.00406749888603497
0.7324761947233909
0.5718956188567557
0.12186639508155617
0.9402929382931776
0.10738920481726444
0.33270443141376327
0.0391982353762752
0.3433601973372711
0.17584724466029023
0.14406925227244838
0.3503506305381242
0.7741334940818069
0.006536882508327402
0.551410135736044
0.6981509185179201
0.17347689471536099
0.26990921279959745
0.3129219693855677
0.35323238900601617
0.4687740345652581
0.29992917541659725
0.3539011379336908
0.12292025532068007
0.5767548249449397
0.12979332400755061
0.46915803890675645
0.8152451586627306
0.824909965457763
0.5630121706951978
0.6117340470310785
0.023555340626891463
0.9367149556947865
0.04864624801441242
0.02751033317459506
0.2653023825985167
0.3993788401734937
0.5468393520987855
0.6585278421129006
0.7416375572180213
0.3616097076207275
0.7897009455226657
0.6989273832430601
0.5521281993431169
0.006005223676084803
0.7036745425704795
0.6875007210395626
0.00017126350134255564
0.9353417743352896
0.5726120633376628
0.8885344224035218
0.6188312112119309
0.7057502430136119
0.8790787581747422
0.04183295608290516
0.7484359783785935
0.9522986127575389
0.5156585958951654
0.15509351637935875
0.06909198968988184
0.9672678502274609
0.6631818892464177
0.9937173866001133
0.7011368687036882
0.23040704191694927
0.6113167992683417
0.08835868923599366
0.43667663436681703
0.3402182732550567
0.7868267681087648
0.16112582306077683
0.9965276365902132
0.8492379843881853
0.5647737661253259
0.32395606899283336
0.7634146353167136
0.3121294473202214
0.8820339641688855
0.17339164935220341
0.9195057147314032
0.024279198104739552
0.7944697009474725
0.01006225094900881
0.16817118111653329
0.2993326168088587
0.1481313633224488
0.7362782437082688
0.278865733181465
0.9815344249643193
0.13564966494231645
0.41007256181300256
0.056239442553015384
0.7209863497328906
0.9492029043865817
0.8640903686663453
0.4954228328502118
0.2851405990374749
0.10715649672619731
0.9767540602896638
0.5549946124080548
0.21641875012049194
0.8975704196840429
0.876313771387346
0.23093703132112275
0.8105835333031376
0.25136681842902364
0.6210519992246756
0.5201361756971137
0.42478426659747015
0.9836207437918564
0.9754914972786415
0.14802199189754894
0.9928156112929836
0.9406465457232174
0.6869830679496202
0.48643567792722364
0.9451139391504804
0.866753950200529
0.48570516672286834
0.9292874787204864
0.8214092967245802
0.9334648907784547
0.20032166656385342
0.1763325015248176
0.8829136504074734
0.599690194873175
0.8165920113110333
0.11264847824709878
0.10121915039603502
0.48558233838769516
0.5443650326529724
0.5128930121732066
0.2188373272547175
0.18798311674294244
0.29506479256222473
0.7607263207025735
0.791197989898753
0.42542740942684454
0.0861812553753456
0.5886654562148659
0.8131672033668891
0.5067060100404228
0.019135716429805605
0.46241507365419765
0.07734177322075164
0.9638636889624652
0.9772711549328372
0.5069686704429693
0.5442236127728867
0.037682404386817026
0.3499143701350266
0.33046828426384645
0.9669571711688912
0.8846307898952287
0.5611030477388163
0.26691322570149534
0.3834016941688623
0.323424136328171
0.3856943790086592
0.1881502080192191
0.96053987300107
0.8110717394302274
0.004103165693582267
0.4861625591919738
0.4862276303757904
0.642581263850627
0.8328714233916877
0.47189386289646296
0.7433561172012015
0.011351123727680434
0.6362120649865921
0.24432262990221232
0.49262509768288776
0.6237033131241038
0.5972815519969045
0.6804629106529548
0.7361204374850946
0.2533322543009554
0.348093373157665
0.32125618673453415
0.7366680720300145
0.627462933251845
0.5023006847703558
0.8175474248446921
0.764057050413394
0.7447692103201755
0.9065127824714626
0.6888284817596595
0.6822092573163466
0.4391648034830985
0.06348069854553207
0.7964641879062289
0.14613571673013726
0.3260611045509575
0.7227081364768665
0.7578516767129425
0.012623036578756297
0.18669266241001903
0.9884865758194294
0.7977480712663766
0.327596514602569
0.3766681902248359
0.32011098951190586
0.4257770374668466
0.9973060805512285
0.3980599635894152
0.9979124186021626
0.1578770368634681
0.4217266593826696
0.35323243701289364
0.4359383102561737
0.5837348054031427
0.3625694946459722
0.9709796550952803
0.020267169620375447
0.42188383294092724
0.9431011840588107
0.8777777720467135
0.3133893320444584
0.5881988039042135
0.6243691681827037
0.4575935146275122
0.3738343050205233
0.6841074500530889
0.7266209554260048
0.09210359197841433
0.8445369725263541
0.8528949353034239
0.39980066036813355
0.1517719847531771
0.7495189751999389
0.3422887284471007
0.03552849126640534
0.20868302291965057
0.5397374831692701
0.8338091063560923
0.5419156992718169
0.13333194479836363
0.8079684689369362
0.6372840042118251
0.6159593888831747
0.783465553459493
0.9514943234387936
0.590517826732482
0.9887995123717513
0.1353401817829094
0.6496163016671737
0.21917073070663728
0.31471598164468784
0.8657071082354376
0.660942164620973
0.7020392735804826
0.35729618278617814
0.3577610787076083
0.9109304021953091
0.42903635230091886
0.9685284689668006
0.30845210509184695
0.3646378899012511
0.6860476814692953
0.0844286794679091
0.10157290617795789
0.5774609102722574
0.4635954038570296
0.32265741316581065
0.6857814229743706
0.3304180167782771
0.16013008328602507
0.8691453123886628
0.09819100562898764
0.24441230368294642
0.4952079209136786
0.1786485583500167
0.4622043467326479
0.27294859873741495
0.80434297949694
0.691431262879563
0.2689073714189416
0.34336109760318856
0.4964449673648449
0.10574877375245839
0.2289191351181099
0.0877780976854734
0.8698887514314573
0.19224311370003455
0.3107686783356238
0.1901974629356964
0.9615408856638215
0.7922711060633503
0.47408982870271066
0.9551901448938431
0.15126003487940343
0.7153742271527083
0.603977140393603
0.2812746884866453
0.7065314568898424
0.5370890458499001
0.8342623806574995
0.5061573562640941
0.5756253149625004
0.8016397395007964
0.8735894127003775
0.36548995509773996
0.2541822081177222
0.925624909238502
0.8641196866597775
0.1859544042963418
0.1483454008056987
0.20866920844874204
0.6874601609565688
0.8348847781619507
0.0781995367331938
0.28354525440935996
0.45578634328346646
0.23154322613374068
0.29314066230368274
0.21678250649687647
0.12317398376151412
0.8731932509173834
0.7390089454820994
0.6545169902793015
0.6470322787677233
0.8160308356691661
0.8173311272967275
0.569914910448834
0.6499172360826486
0.7258680454785011
0.0547747562637142
0.21389986998802313
0.4527288413535979
0.35738640531527643
0.07658649081813018
0.6410532992980886
0.7951555154368897
0.8729439036231086
0.401213986662165
0.797520682733234
0.9178561645098895
0.8741033219606489
0.5265547121788542
0.8209350538466661
0.35529165882014246
0.5520335695554663
0.7381835006334753
0.8720949996108339
0.6887208518594765
0.4245620340744549
0.500858710152545
0.8954949780786798
0.6503096447073508
0.5135881771268535
0.02144859630237106
0.29803884485992715
0.36137938606947817
0.4861470950912209
0.7806337727166806
0.5545001670558388
0.8866938096956635
0.7623430693334512
0.8033045071283146
0.44697711930675965
0.08768543397411321
0.38361730475431666
0.11914422984157491
0.7078611894650592
0.4462213173259182
0.20626489109445612
0.6042992158381716
0.7593124675687775
0.6584942247520009
0.36167854867847204
0.40210354102267887
0.03465510737971478
0.6248766496897964
0.2721941667003468
0.17735714468638564
0.7288990716246262
0.7363861853775397
0.6146800962694908
0.6741978854706964
0.7214722882043741
0.2687725567976069
0.3421404482975302
0.7160421827217509
0.38268377749054927
0.4497454106741994
0.9668900510840082
0.7333223829833808
0.18083364524874168
0.8306952684484805
0.5258048400969689
0.4918222893988
0.5978526338655434
0.7660283575314906
0.7173212906269727
0.8332999659495596
0.9943510661257913
0.8187957444377373
0.009612268837357107
0.6739170180744175
0.35404614089996456
0.0580676472130468
0.4118221571763897
0.486842437925326
0.5777990802699411
0.8741963066672448
0.6983988602943193
0.898484496088081
0.17981878864544365
0.6466964217136612
0.6343230077388192
0.7586765418765694
0.22038365878838118
0.9219079051993
0.8536046958307696
0.4194588608555109
0.02936105347287632
0.41328235095106935
0.22370176634053207
0.3205260252400155
0.14415943188827063
0.8988427401604803
0.8388325389924244
0.5435719181015657
0.7125592136269262
0.46569175513336103
0.9475172358913274
0.0036999146969700636
0.49993342655218076
0.5541588626163032
0.11311979458695887
0.5824833212143304
0.2900316726823057
0.049767631279199365
0.385922916943256
0.7259565969715677
0.03968565313248995
0.568604641466448
0.32095622759089826
0.5005766824576443
0.6870014258703155
0.6973746010006188
0.5229620706574456
0.5671226822340834
0.3796351025650413
0.8625103641784243
0.9366672416845476
0.21332809185843438
0.007572509203257027
0.5177147695796129
0.5244402344212591
0.5570792595988912
0.9467179636506027
0.3528236813080694
0.07081313168580983
0.1742362191324861
0.8503222988553545
0.0299646057534263
0.8583037068284933
0.02979526658573295
0.8550406530411077
0.5232288836485894
0.2735296929878984
0.24295720363967077
0.5651157384087017
0.46701801011334254
0.5657801326112721
0.4757991339109894
0.9879104115030255
0.5497235730745931
0.4294505461262996
0.07673223358920955
0.6516020689490076
0.6702258667489931
0.18708543368887265
0.9283793906834066
0.8245912063488681
0.7464955487333574
0.873959882425781
0.3718499577492129
0.9999394097194798
0.8831818743569486
0.5287985862778444
0.1816725346214343
0.8574783151356357
0.7377608420945431
0.7654583956444047
0.5616667199767227
0.572309643070407
0.5941206542809243
0.10670475925441847
0.46937903997088304
0.06791380935772551
0.6883190946251116
0.7720128737117576
0.7252100513547042
0.7840052928151026
0.8101203532153108
0.34982975361369284
0.07074425025926667
0.7675096582089218
0.17005509300153276
0.0876054577170533
0.3961683990325756
0.5346044328100458
0.8689815230801181
0.14146901240300214
0.23416210656538783
0.8262759126036322
0.05791560101808535
0.4892686688516312
0.4392870727944148
0.11615695550576677
0.3122580286343538
0.5394572714464579
0.5850101623896877
0.8688926070945092
0.981788460332437
0.24481810480525823
0.7906064536585066
0.42493183755022756
0.45379126289781346
0.38782239854851863
0.06973443567265769
0.5967718057565997
0.8686489869223321
0.011159317771540667
0.4730651489499472
0.3095245824952104
0.07081222107071217
0.08000767684686039
0.8269879023255972
0.16371918869586732
0.20254609428398662
0.8425525743296876
0.5217770157999533
0.8253006226860192
0.33508139990078567
0.7295935521054645
0.17563870521628455
0.5904465886010227
0.4843401374687806
0.28267370100723543
0.8303178691764089
0.6728743286073678
0.2676455215940443
0.683631958518619
0.5196655265157695
0.05653715412502036
0.2400550137415043
0.00011705593031086092
0.27241639645044535
0.693229265308365
0.9916146084303092
0.35435843933156563
0.05329444934576688
0.017297935000514464
0.9935100661529824
0.4166110853643371
0.7237950026354694
0.5495752264312036
0.6688228622037719
0.9000353983771723
0.5675799897783085
0.4033145444785097
0.6824297752072789
0.8604288832004624
0.4972011597841052
0.062356728560886254
0.9627202005450111
0.02983605895795305
0.020940357655494957
0.4334564564513711
0.6585710384606271
0.27311244402117785
0.007422799888189391
0.8850247090238055
0.32474048075449324
0.7694144360244088
0.7231147530572389
0.721374577366892
0.6534160489311495
0.44296830138875143
0.594510943849925
0.20117251229093613
0.43960504654849475
0.044655741334119425
0.7219836670189523
0.14995943305258308
0.05933283064064909
0.42650629803125506
0.48343160840488497
0.43094256367295436
0.5297300210104638
0.019700967762955268
0.43767664389302063
0.87865779230404
0.11295724713481736
0.27476189578021093
0.6093233407216893
0.9368806395233151
0.5703186879268958
0.5663844471670703
0.029673847418701493
0.3532306683846236
0.8284262470283529
0.6981739997688376
0.3440206013348419
0.4434133935778706
0.5960240729278903
0.13424171739827573
0.6592473096244167
0.6651891993060393
0.9479747521960318
0.6482641699079759
0.7750984852141961
0.8212755013268728
0.5092142637815574
0.5584136977077854
0.21449823967264647
0.2773846209998295
0.9227462685478177
0.7621572105500384
0.14484921843337184
0.007936383126688207
0.032764686384245234
0.03517213551213705
0.7155225379094602
0.779916447619856
0.44849372483538064
0.7818821586430688
0.8496093422208063
0.03993198968300482
0.6865915343766219
0.3423554653832195
0.3526182068657112
0.9916832369354492
0.7774991697750848
0.8627499162754566
0.29678642735520344
0.04603802765458875
0.6611388566862821
0.5119867980340733
0.8654080230567778
0.11931301882447776
0.4113710672163121
0.3199772696289269
0.22167552315986983
0.49888495083699813
0.650117314115869
0.3462757890692578
0.7367371958605382
0.9389310925401312
0.2262485852948123
0.7738105964229912
0.9953305515650955
0.3621050912823114
0.9867769991032863
0.8183571937010644
0.29698065938960105
0.44259154696914693
0.6379839123246728
