-0.054318761077486025
0.34535525454077703
0.48467350575693113
0.38403170053908864
0.4672607554699852
1.0020106364365893
1.4393122540037993
-0.33205888964104135
2.831553749499755
0.37542554442709725
-0.7357949085454621
-0.7501876442674897
0.6642730415548017
-0.6005897190807913
-0.5124033984947557
0.22431824787552415
0.5152557366594895
0.6230566987044015
1.6201421774041045
1.4677289852596334
0.287754478103801
0.6314540596689353
0.9113024236095468
0.3967334517464815
1.1484985785130406
0.8013138938819973
0.41395086332784464
-0.6102190267746934
1.3052021901292497
0.6448156586670748
-0.20059966252048028
-0.5531076910144546
0.5665959295844689
1.1618524256535485
0.4683533188280105
-0.019176496879828493
1.6200717103205955
0.32689240243141227
0.8153072800282506
-0.43794483248812277
0.6128869180080758
0.059456534182258644
-0.48018640951366276
1.32011584955343
0.49716544007804203
0.4768487088932081
0.9597318022107236
0.7168862558791685
0.3600667662848057
1.890569493195202
0.47710346953305577
1.5745353907156134
-0.09062521238086689
1.009834498585581
0.4763006162058724
0.2889124049765875
1.3653592237268894
0.10327335033856888
0.06869175615172608
0.8366798435521358
0.17443912162938657
1.6042683067887449
0.5813550869154015
0.7512420154365609
1.3245922080744108
1.113545292017723
0.42651994885897926
0.593801711733705
1.268313053498138
1.387607729677852
0.739354368344818
1.3691579901506017
0.5410642673764071
1.4849105912919756
1.5279396723805587
1.0984875950394413
-1.0869619793862555
0.3782033604702913
-1.0408327250044833
1.9121861306015842
0.8582021399769371
-0.33255921203352806
-0.6174865843726068
0.5100539563011907
0.7222831783042836
-0.5073440298294606
1.7067149837412985
0.6836299305054038
0.231178235624999
0.15554673575817782
0.18097373413602552
1.3241148477416156
-0.06383980401810693
-0.05493884783514406
0.3819549712451427
1.0933468984335826
-0.7791182892121342
1.0997568457884799
-0.5235755274539423
-0.5145914289221375
-0.31960559857938947
1.2778262258895572
0.9923611105556154
-0.3323375121395996
-1.3565303647886442
0.9042301167688328
0.679197847886814
0.8090372220338808
0.27753988901521265
-0.6786395261047098
0.6322412639245358
0.5657778433590951
0.6559343759657184
2.2771253120666763
0.8204147129677367
1.0999977166516264
-0.3773923250299268
-0.11709639594709384
1.8371629525353674
-0.24289691419219667
-0.07379511950154886
-0.568597623603921
1.3540814531618701
1.234105631503013
0.19815042574628278
0.21211543460872417
0.5754634524900615
-0.5779109910691177
-0.35764811185579726
1.4188313067437972
1.3064420213349965
1.608796910826132
-0.7643389845488402
0.21179787227889743
-0.9766087947550322
0.1595023366373005
0.10669265708404707
0.3139451359104073
-0.5495549240135854
-0.0950988498156499
-0.13528524803614722
2.5554318103158074
2.128227098389366
-0.40494883425126954
-0.378351103042235
0.00912350295801831
0.2608474605651847
1.1819744248572608
0.9695718571624277
-0.15312434154489973
1.432692758708896
1.6916330189171453
-0.9645100961455537
0.6729815446753027
1.4597237303027377
-1.2085606590048599
1.1398022839026845
-0.4531372568165063
-0.0390326115233233
-1.1622385733170593
0.48744565041457094
-0.3524366195553937
0.030381300920882783
0.14238885358155157
0.9008540843130136
0.15098271325253376
1.5341015329886838
-1.0627262727366618
1.2387972487498649
0.9330705081922772
0.09888731613411304
-0.20738169898667458
1.3335162927915127
1.5737352418007051
0.615989137138539
0.675697866928821
0.8129907362411039
0.4017241700072217
-0.5474145968258947
0.6460213972966127
0.8324614855933138
1.2264278438808358
-1.052822799474914
-0.07251234969330131
0.4260269984328665
1.1448070924649862
0.4768457579659795
0.7549339458995757
0.4485007313340751
-0.17081725108715243
1.786579985392402
0.41750196886587376
0.6659007501348473
-0.4464479262258095
-0.21693039511026832
0.5879752936013096
-0.17688301213926974
-1.002957475678183
-0.8031353638301888
0.5304233012336546
1.0556918194519573
1.5046005509777067
1.589015520270718
0.7767477384856111
0.9002412248283583
-0.5577328084497669
0.9948605067925878
-0.5108374002058604
-0.377708299048418
0.9083880121127713
0.5774443288266233
0.19330373981429363
0.29361615186020495
1.8426531306838119
0.3074539272877603
0.8259944078911258
1.0560639204486755
1.7661849099672382
0.5242577895390085
1.394879266395546
0.2621375101747966
0.7516284305048347
0.2377428813994108
0.6895993758322799
0.2112583025651962
-0.16878452162531654
0.5233233379067008
0.3865844892822154
0.2277818505918104
-0.15746185780352748
0.9692849949383031
0.4229490419290357
-0.6194862054270301
0.567618350934211
0.4033504588587843
-0.17950870662019894
1.1259323884379597
1.229822994446493
0.10588017267655321
0.8309026713488215
1.3040485009686975
0.9458361681859154
-0.6360445095504904
-0.11773900465873689
-0.4448582082441255
0.3836245885222516
1.1233786047177081
1.7539475733046004
2.171837376212453
0.42406070051489164
0.23409097248952718
0.5373797966001244
0.28056842721628633
0.4083496808196154
1.0559363242471362
-0.20722456034773457
0.7231018644568157
0.45710201807898154
-0.4713465158543137
0.40717755475200423
1.4646393652576348
0.029545097494429635
1.2943385658813296
0.2308805091520278
1.0267366445220207
0.6277892654925376
0.6080790616352406
1.2912856103106594
0.38351298775260306
-0.611250427419271
1.6045125837888787
-0.010695489314836323
1.3445564351551156
1.3728940053106293
1.1270355016345202
0.8878270756261507
0.676699706027285
-0.22104125833459254
0.6253701733360637
0.19604410255351876
0.7705168116800366
0.25363648089331103
0.2175178162378905
0.08107980035345053
0.6865997955616272
0.6802113559166901
1.560359056742118
1.0211861344892024
-0.03248735122128822
-0.4792848392678217
1.6898967144787633
0.33669991478371347
1.052139478901147
0.9536929145068448
0.6861773510071639
1.2697767459212983
-0.12666158314344364
1.4111721766526468
1.9865619541056465
0.18805178308943662
0.36180232091730813
-0.27553758343827506
1.780112882096181
2.289758204476477
0.2927261040620825
0.8673465275730154
1.0640603174589103
-0.7888349540615963
0.02920402931015622
-0.2884923837620369
1.061851881410142
1.3898187708316898
1.1162298581084114
0.18929811427153292
0.6918728706511742
1.7072305305082125
0.08613176103766688
0.9865384081678421
1.2598923417940473
1.3894043011793733
1.279397617409976
0.5373719997338191
0.7875541955091819
-0.6545763181383899
-1.244922075404831
0.2973819676348124
0.5019766133989596
-0.14969174132050606
0.006715122721247996
1.861133850461527
0.5762550027680312
0.3360986018034936
-0.16409417948937294
1.1140587093611054
0.06527224267059156
-0.0698538152717192
1.075786720072936
0.5892847233843188
0.8421728144774112
1.2796311406994552
1.7679601261528939
0.31319532251880533
-0.21891283543070889
1.2679011433459497
1.2898040326533602
-0.7410598429028111
0.3286532078272293
1.3635523338808033
0.3044101182090934
1.1067140678547127
0.3288758639304135
-0.036641214833196344
0.012049966244958923
1.2641801073966357
0.1977788578469652
1.6842175262019163
1.6746827801367308
-0.5586971116784172
1.860307904107293
1.042935717370513
0.7604900476517379
0.49742998903315955
1.1178744711121926
0.6510686588205199
0.10993501910330046
0.6041081346236057
1.201321053069716
0.1541562726275899
-0.3361729814596493
0.9064795177113825
0.5231317720978942
-0.009827158765214363
-0.06450037402365093
0.8197018778800907
0.22329269698241247
1.0716296580880789
-0.4131250217737813
-0.3540391172275239
1.0958603953313921
1.1427846657213174
1.6942118357556384
0.12291342811378018
1.0224861351803458
0.7572643396934341
1.261260663612901
0.08194926283533152
1.7896792814861961
0.25837300758364296
1.0540398301450336
0.8369576767099877
0.006606516625460624
1.8220832275951515
1.9741515934206144
0.4326078357836206
1.4740101980537965
1.246628462073626
-0.1648520551645811
0.0020635860424135163
1.3359969057855026
1.102678895658877
-0.007913299640681916
0.9915562848554191
0.06554469986144781
1.4303301761259506
-0.6988157969523829
-0.18133878445707177
0.5530171826773623
0.39291811953689326
0.007142330826237081
0.8332437914166944
0.6766612757884541
0.0619599635692422
-0.9911837972429017
0.5463046233920058
0.15617803550201495
1.3269010530934326
0.27357644300558887
0.47474756752768765
0.5224136726638998
1.407196400379629
0.32675464503202156
-0.8687931267608768
1.4772841899302083
0.5390823056500552
1.3447598307299877
1.02119096309193
0.9700645311667918
0.05566923845544216
0.1423838119970436
1.607563420305951
0.2942734891504883
0.38735713002317695
0.863523286651543
0.27851717192539055
1.0425998003213413
0.6857609560009188
1.5565873714838943
-0.053027484306116174
-0.32897370492102246
-0.22117644665446923
-0.3653086801252841
0.016047232480075516
-1.021928468955494
-0.009770083519127476
0.8336397623389966
-0.7076832944667307
1.1895286129844993
0.45524362575075344
0.8211199538341408
-0.7060594852124885
-0.7433935274594271
1.5767274937202542
0.747562559679534
-0.535304164600307
0.6805312183001997
1.0660146965365112
-0.3959278728745223
0.15634840889191431
-0.17505703472483228
0.1906781898150478
0.6790170312735363
0.7636215952196475
0.04780024998405703
0.6129082559574438
0.6812788347339086
-0.036698093688245455
2.0200510745827134
0.9967109205164083
1.2492694750184647
-1.042508059753084
1.0453981439265747
0.29220396354700695
0.39488297572825476
0.023897102253522345
0.5980816919365971
0.9370412123355895
1.237218895991315
1.1511536565633769
1.0545441377429712
0.14289099751565762
-1.317074303726418
1.4269208544951273
-0.3518319006437505
-0.10291302025471014
-0.8721806494861111
0.8396405643257948
1.0269810426242911
0.21472301492839116
0.7499522998976349
-0.29168578101897835
-0.2645522746174531
0.02361126019077463
0.1805591777820625
-0.044400634487489744
0.9822202100680937
0.8563390822197102
0.41071643342722414
0.27800157555851573
0.4198431216514069
-0.46006261319945213
2.0267112702730214
0.32375800020864137
-0.06994542839757689
0.7698079761542376
0.0011352548830119887
-0.1315571517583548
0.6092951788519654
1.7251699927447512
-0.8688217884290135
-0.9845033683408343
0.9512246704411933
1.0909256616047225
-0.20877523038007323
1.517511770299384
0.8666196401175301
1.005731688651144
0.0106637620517538
-0.34282813876021984
0.9172044400259213
0.961091427102563
0.2433369328631233
-0.10507597306032415
1.529768804400654
0.7311292306063466
0.2578472475521735
0.7135178036638651
-0.1909101800238815
0.6821567781825094
1.3270279394299416
0.5958080456789377
-0.8362171720658265
0.6283276862843676
1.4393156244532042
-0.17318254935835867
1.5854847572133766
1.077101594852719
1.099541922079242
0.597961158059977
0.13040260970722078
0.39227102404563036
0.17739665983259248
1.037111512431395
0.3992167976620594
0.40874069931935253
1.7536463676009348
0.29674629043068795
0.1382402678052411
-0.8983492648924016
0.08028378987724913
1.1906386659709975
0.5704137247681157
-0.23355557367739418
-0.4139453222133485
0.48729379782473486
-0.8767648702870864
0.926307332329829
-0.03345779568898773
0.6320385811648698
0.0833650540475233
-0.14233845412828358
0.2602110480488566
0.36448969944133397
0.38442328283277327
0.33933683731572184
0.4743008233469625
0.9217434707280023
1.2265837420326335
0.17043859466122746
0.7295946075460972
1.5654275609942816
1.1690302868410074
-1.3384714345890014
1.0268349884954056
0.21720783370457047
1.119793675526587
0.31019865658645707
1.2276230297877733
-0.26966253382378164
1.208994684363528
0.7339241814013853
-0.307539119180427
0.3807488760899545
-0.35480338513899595
-0.27290411512917817
-0.061644881285049406
0.40069623462306647
1.2847037213234338
1.0640515448421957
0.043763116869115125
0.21794055625538364
0.6647927094804775
0.7163274739853501
0.7411897766698349
0.8483725639013043
1.3871866832414212
0.38361914397612684
0.3123447172165861
0.025212823769345874
1.2533612433790449
1.2034746069295508
-0.19610979411461618
0.5261550187931463
0.2569000807146924
-0.49832444003880855
0.06034750062146947
1.5247346785225229
0.6162087482255588
1.628555839674201
2.01344029276108
0.09982004683280442
0.5617152881310069
-0.3243100796383702
0.13679957875190862
1.4024371759335357
0.23419565978680934
0.9257074309526211
-0.5935496644014132
1.2262089981168325
1.146260468683931
-1.0828458098497684
0.13122203404878185
1.3151064100302454
0.11206600127050029
1.610744411777494
-0.12112446963210953
0.6406561950596404
-0.3240678731861719
0.002781338306872043
0.7617651866323154
0.49771256408071063
-0.45951939043500273
0.6843482358507369
0.4896964165829699
0.40661407802421007
-0.434677091950721
-0.7969140420815723
0.2819401025675206
0.7971202282442434
1.471504986472579
-0.7253455959682968
1.2311583061336326
0.6668101493750156
0.6114907899022067
1.7441444505446515
1.3532483767161363
1.1012658232485146
0.8757773496620241
1.923699507076427
-0.4650965609565842
-0.002069823507899406
0.48225759153660785
-0.03992538958708687
1.122739964860568
1.3435568437547718
-0.36119618850363794
0.7249216678535244
0.5802612646226717
-0.5162530646980567
0.8286759199937783
1.5179864863824484
1.306262222298413
-0.6032051148335674
-0.5810163957803116
1.8345142103851482
-0.699874751403838
-0.11574897162888578
0.5875087779082441
-0.6342186337004405
0.9273030968341666
1.277180908590295
0.9489631923602388
0.7430289132357746
1.2576401754312485
1.8644873995242128
1.3927982432091206
0.15148148978688122
0.8273558132536343
-1.6014098094226477
0.23197069805886505
0.1670302146019895
-0.049965532661050145
0.19285569445987538
-0.27500386523513615
-0.2904298525595239
0.19802748330273742
-0.27665663162250775
0.907338680413977
2.1313719076679707
0.745700634232446
1.1928035188792026
0.21198511799043124
0.35929876383434917
-0.013696834487819984
0.17424553412521623
-0.32249815320100356
0.3339045806694841
1.5817140243577394
0.6944318408659553
-0.1421007130177382
0.6344831845157479
0.7467993958839502
0.5007448509351243
1.0649174708156173
0.41895169593226533
0.043764452095179936
0.2457970306444487
-0.32575054587300034
0.16835712047832063
1.7185727239036384
0.3018882908956913
0.05681270408540555
-0.11251737541508479
0.9521055927650109
