0.11865570567271524
0.3279551578027209
0.401229743070847
0.2803861901839016
0.2551004656753829
1.0589172664415811
1.4049209866143924
-0.24211255285638936
2.7344030323380344
0.41458237090252165
-0.8880030423031328
-0.641232082400462
0.5883513560803969
-0.6846727951554377
-0.5591039244393126
0.3953026955716289
0.5347070430233005
0.6945090306706954
1.5055579328188675
1.5294266000439118
0.18905131496935415
0.58394366664388
1.03765115469066
0.42896464548325186
1.2325015677194016
0.801234271980338
0.4527699693784884
-0.6268320140409972
1.504314565748007
0.7174535137403916
-0.1594673558436905
-0.5292295926979819
0.5671508642019802
1.1952020707525075
0.5148947626983593
-0.21409760219474727
1.9058123120045405
0.40908353362580696
0.7893245971726852
-0.5981289514971284
0.7091541513673353
0.07185025168638356
-0.5385373514440814
1.3983014705448054
0.506488097986491
0.6471507189703296
0.9543464287891962
0.7835774452153808
0.3302176187307972
1.9015457712976604
0.4427035746323382
1.4421872918240375
0.15081674508136414
0.9287158898863749
0.3577451306828427
0.27870247833373935
1.3494709749132943
-0.040708926330701854
-0.03673945183771338
0.8458548728016496
0.22395524825665108
1.4075769759696803
0.5525139558592985
0.42865265670478503
1.3671073971217875
1.2174811247541149
0.22906474106427538
0.6862639269314542
1.1866651547077507
1.468216063748665
0.9046186847947197
1.4286834439720608
0.5965231162793172
1.4805007045923972
1.4781207400738767
1.0752955065683178
-1.16575785040065
0.34372908947086156
-1.0360224556762943
1.9392960167218607
0.7666975492650908
-0.357861364184262
-0.4544879967240623
0.592424879524838
0.651244840504566
-0.43249305192856646
1.5482835348802149
0.6357296152852713
0.12522099166633147
0.2203858152349118
0.18633088814127222
1.2144489950664037
-0.04918497473374057
-0.05853612425846675
0.3816779496140116
1.0435788330537923
-0.4680022463104106
1.206630896769298
-0.522377045541657
-0.5289380944414045
-0.47047097735353466
1.1985449984585013
1.042253047037624
-0.3394277106028016
-1.1571154288392385
0.9462601754491089
0.5310256087872234
0.8867340445763529
0.2541894955337943
-0.5670492174136338
0.5444530619084585
0.47648365980649976
0.5737332960398178
2.1094186742832606
0.9255102691427628
1.1714166881522197
-0.46255007692199024
-0.04615818609577169
1.860471938423728
-0.22191153712609032
-0.1406829741021873
-0.6645946174839611
1.3016769945058928
1.1189168815311774
0.2688499249527544
0.36426412221588933
0.3323276711110121
-0.5358231284302655
-0.4772555158853008
1.4708557405338532
1.4476543718248245
1.7251061301676904
-0.9150405647659225
0.13432647136917203
-0.9378977333430012
0.08321223191583609
0.25479901250470965
0.32803501370080096
-0.6432809682038639
-0.10536096290705366
-0.2691879764673398
2.4917907124359644
2.1015739378705676
-0.555507223968816
-0.41299154387387016
-0.0006535171865807736
0.26079532516900256
1.244878457186851
0.9964035655294912
-0.010080962352189374
1.5185228522884198
1.7087957066465584
-1.0156449042208435
0.7292442506284146
1.3113949691164268
-1.0879956255666923
0.9866584059154033
-0.3438068322828404
0.12594389499779812
-1.1515961182461212
0.18141652082874193
-0.275000283647755
0.12013392611757807
0.0912416444170143
0.8035250690669801
0.25679838031306157
1.4429478560308129
-0.9948732145929392
1.242739333590473
0.9474811986426662
0.038044561938775465
-0.1934405790123388
1.1649957669616062
1.6731690891030022
0.5630067757932512
0.7252484704516644
0.8211321819143614
0.3386882780724204
-0.4689622219461877
0.535863560895452
0.8327262670318041
1.2358322438929754
-1.1445093204866745
-0.09556520951918658
0.14372327727623585
1.051766220130384
0.5877472088346313
0.6942521821657195
0.531239964483583
-0.2522075165980403
1.8456886280871125
0.4367429705990134
0.622319195494135
-0.5244164709057033
-0.11309914608784254
0.6458251753530982
-0.013931893393282584
-0.8173284121801122
-0.9687681588709915
0.6478610069954105
1.010695488261357
1.3957402260453513
1.5908377068690107
0.8860739058516696
0.965638782946601
-0.5390499845336444
1.2009654010584914
-0.439649571668113
-0.5037572335459212
0.9073996166767427
0.669238220085109
0.2684853609882914
0.3329155468894409
1.674659071259931
0.39450707728630047
0.8657155295372484
1.1507261450962007
1.891459611394383
0.5527421101438016
1.3011210488550091
0.200449775626071
0.597815857652723
-0.020918427831776915
0.8260660629793443
0.24077452230068988
-0.2734070534880581
0.40177918560452025
0.4793401557830552
0.13892953321487847
-0.02655209427886781
0.6607110593408405
0.4526530910063261
-0.5742753477397847
0.5146240030053515
0.49296064580214294
-0.29157592518370323
0.8816029089789233
1.1381535647342043
0.006860975968686119
0.7943388458013144
1.1998629215770928
0.8539295699420821
-0.3671574916415887
0.024614952325883167
-0.5092463208942127
0.3734304572679965
1.0325162422741248
1.923867917109876
2.030961648353306
0.5323743164858131
0.24430745336990534
0.6076617019093666
0.13688514981441544
0.36420587892417383
1.009105464843689
-0.29515480527568105
0.840499645121406
0.5550431552406614
-0.41043857959222396
0.39480814127793845
1.3875298864906576
-0.0917446015757773
1.1457227300898138
0.20139975913928998
0.931472763232174
0.5481740374560248
0.423693026493057
1.433798622672635
0.36106258430968813
-0.7835135763545618
1.5825801219081324
-0.025849291763569322
1.2697522508475896
1.3245144880501056
1.255947977477466
0.8360254749731025
0.7146514512076285
-0.16664181588738364
0.8197359909292511
0.18883530186078412
0.7738160414903114
0.20081822836946658
0.30253909276219143
0.04849124544245748
0.8311141425977606
0.5997374392333152
1.4734710377580766
1.0770188814731565
-0.007308590854948352
-0.41441270398523283
1.668789231531499
0.3802866390435573
0.9960346430919526
0.9747481705348515
0.6826127763613239
1.46739886061357
-0.0448616329914245
1.3974085540879464
1.8740171385791184
0.14148632207238726
0.2602840476421519
-0.4274435427140595
1.8511672159109855
2.379411722075314
0.3561789121217079
0.9419176705981943
0.8038355231213232
-0.7160741985075187
-0.100102456263328
-0.3577329688285226
0.8237222380460597
1.1865328039745144
1.2871962288632752
0.2361648134852502
0.61728725776929
1.7851469803052813
0.02710637702980487
1.1282896322665137
1.1516807797504829
1.0939294547605525
1.3010537190800215
0.608747972197659
0.6920172765383842
-0.8407714935305861
-1.2639874325828333
0.3918196094024068
0.6632164152385767
-0.09696606459315446
0.1287688225183311
1.786267806793633
0.526378000503035
0.5676028175792208
-0.11357694509230115
1.162708648855409
-0.025177999096273086
-0.15114863955965302
1.1076047732949332
0.4333491125642124
0.8697489802271083
1.2291956081236144
1.6877680525519152
0.2653141784700191
-0.2591085266431186
1.2904096942208727
1.0704838808608648
-0.8319449608967165
0.2612176580805004
1.4304411933279102
0.4508141546272846
0.8772804104086928
0.37684277204995104
0.06664251642070874
-0.022253545825394325
1.1869634036699477
0.23918035392858242
1.7374828942069875
1.6417756832835084
-0.5285157050585668
1.8126692128723803
1.106878877203174
0.6097173024867668
0.45378192576444837
1.2033859102800495
0.8374652814551863
0.15195944855363194
0.7206056707190106
1.173383091288885
0.2064010276225795
-0.288672052801458
1.0021848525561192
0.6698545461083197
-0.036355437834401094
0.17280361371129194
0.6624333088187033
0.2455306766460625
1.012955589130703
-0.5070458703599193
-0.3370251104286739
1.176726160757747
1.0925526199242364
1.6628261121298913
0.06453606728710796
0.9341212244902147
0.8161548563469614
1.1826225061969644
0.21497209159302205
1.82378855965508
0.3574692983810432
1.1840151748178056
0.7969277250965437
0.037139593700304716
1.8903938753334046
1.9286969395508837
0.3906964234887878
1.6161233578493386
1.349113947257339
-0.15065409813008987
0.08084554395340589
1.21587732023001
1.2708885842368485
0.07722925648665904
0.9339409757422829
0.13140912649741715
1.4268693238698607
-0.8252680238295576
-0.3011908168528812
0.547157600700955
0.29245297938956266
-0.018118809365649385
1.02837304919489
0.594736237732556
0.13280664000156772
-1.0448259296865043
0.6042582013762892
0.17216557529543317
1.2428634589879093
0.28842619284697907
0.31426801271598503
0.5450624247955721
1.3807508419376662
0.28304164965115597
-0.7912815813057716
1.6207316046264089
0.5494768449140368
1.1825206046669254
0.9122043184261435
0.9255839191339408
-0.013975553581455143
0.057248716645589934
1.700757208624932
0.17640521738402096
0.24154238750850401
0.6944211202517108
0.24717727930529848
1.1358345981839726
0.7029079295179953
1.399502089381764
-0.05240802055727174
-0.30503184298002695
-0.2918691238044552
-0.27287381436559316
-0.06590425727187618
-0.9848198257596791
-0.19192811900557594
0.7543597916968301
-0.4573573874283223
0.976331309213369
0.492670887139971
0.7787132217934182
-0.8502091017942143
-0.7765584829035316
1.6993434808043735
0.7258986482586807
-0.5303879986624425
0.7362054254549951
1.2098204254389666
-0.3469490819213667
0.17844896158289797
-0.15576269316264404
0.21745558690154554
0.5466850820444696
0.8189461873759862
-0.04635414747753015
0.5914314123840521
0.5457831487483606
0.020110813327107395
1.9761054892831438
0.8762884817097598
1.140110244846784
-1.0128337382197312
0.7884063510120715
0.1410979080306528
0.5866392561360432
-0.05637137313485835
0.6590430007090938
0.8637132981345909
1.439754702168727
1.1694910383575818
1.2340114095388077
0.2962105720604337
-1.1334761291635205
1.4833817656647659
-0.192459962123263
-0.16940577562563203
-1.0447636852912714
0.7879900855364146
1.0658510292615715
0.29955060402069705
0.7772248713136625
-0.1411461525350817
-0.20026660062379523
0.12465092557191144
0.16187706662098617
0.1305877555983247
0.8558658044132451
1.0113701942135327
0.5246990690499462
0.37866359294519253
0.509399701518807
-0.2981680843592751
1.9267607951347092
0.3842446410805508
0.014947257070548246
0.8147948395846751
0.03535888585493199
-0.26481704057940275
0.5147293138769887
1.7003398123840565
-0.8988943395222644
-0.9957067864129043
0.7366250786649959
1.2304568995846488
-0.20099619713645944
1.3707424439067872
0.79202817281067
0.9491933445531494
-0.0048502054444927705
-0.44809547059596694
0.8320198704511343
0.9709607071914084
0.22787789049955948
-0.14900176978876883
1.5031187314335328
0.6932221768447138
0.17769388149933238
0.7841383062447219
-0.2420878778108004
0.6458509878387592
1.3576246356268304
0.5476811332649786
-0.5585631192337362
0.7029355871430364
1.4250279559114707
-0.20610620365624813
1.6213236050002195
1.1019809676128307
1.0697559150992135
0.713522650152154
0.040905180374913364
0.30419326477256725
0.27319359987412417
1.0694193967203334
0.3846488414470507
0.28361346485759736
1.4661489786393451
0.42890710727950826
-0.1061985864727521
-0.8146421506162332
0.3102532774077233
1.1124451839347966
0.7121879707946996
-0.22685608817150954
-0.6003918009107239
0.37728703317409606
-0.8296278494702093
0.7459128968475786
0.02659447778823031
0.65296307462337
0.04790696725434383
0.21853082707204094
0.3115404380690261
0.5469886197808003
0.5457190223413341
0.4276691428668064
0.4792824992041537
0.882654145754969
1.0817952493421512
0.16090327178916958
0.9047452116279253
1.5354227481883023
1.101761472743294
-1.3400142256190717
1.0048910873229984
0.11129453204048492
1.03407187073629
0.46123570406965864
1.2329030180081804
-0.2053349774974679
0.9241672680443791
0.5330750285548911
-0.28856674702118346
0.40753608279626274
-0.48350324748507545
-0.04241457264450062
-0.007173291186407138
0.32113566659405524
1.2944737919714282
1.1104049300368362
-0.04785936432282978
0.048364527657251674
0.6844452721101949
0.8224848352098315
0.6721170699246075
0.8013979074720867
1.342819320057487
0.5205748527326411
0.18073047072099743
-0.017325421460087108
1.1367807192700103
0.9891012078059779
-0.010698454354411704
0.5335820373521933
0.15832050549382554
-0.38258117209329395
0.07450361423379842
1.6293309685535455
0.7672246947110847
1.6080627575383946
2.0081850486866464
-0.07619905945578043
0.4623051983473435
-0.1831248980729857
0.16909346102050385
1.3841290255351888
0.2374587623258536
0.955717266548681
-0.5480119978003763
1.2670231666623937
1.31045222411694
-1.011523717492116
0.3800223448907356
1.2683075634851475
0.04438355974939628
1.6417233700371612
-0.06493014764154963
0.6471444426186945
-0.5579923037635125
-0.049446582573353354
0.8703636359176371
0.39653209543215523
-0.35984126155312646
0.6707786627544124
0.41969026214712657
0.3529389538116658
-0.6016951498764805
-0.7492175779298833
0.3133649466085248
0.7659175956497779
1.4056744108156545
-0.7934111990860638
1.1607886269944718
0.4992655196874003
0.6260675993643977
1.7645455945471136
1.4459571446680484
1.0008194668559163
0.9891754109853897
1.861578677927896
-0.391714965908817
0.04586036347588025
0.43971182487994903
0.043266174428867564
1.1133579887971121
1.2954623684732565
-0.3740377361872019
0.7546249152869295
0.635106349810859
-0.28436423827844004
0.7839323270454666
1.3877304964080495
1.4416291344053158
-0.4941557818551711
-0.3840823448114602
1.8288640336440418
-0.7695206524522402
-0.3420311736305637
0.753681911321855
-0.844156506064055
0.6612715599408192
1.1520916527607707
1.0540114877976394
0.6306052317462277
1.2117429549944507
1.879865753671655
1.5105652771330578
0.09599836793382302
0.8850808919955794
-1.473556703809054
0.35261465226732375
0.12139253386756424
-0.08799352847269364
0.06323460260264936
-0.23067475158740766
-0.16565900144346823
0.05366411730875497
-0.12146784321483381
0.8545981906232748
2.1743198581770007
0.8628964631768992
1.122314449419956
0.17330656175109008
0.3090957847134456
0.08432888878954227
0.09615780837657004
-0.2926939041273865
0.3961257605957895
1.6202515798829102
0.659027822817505
-0.1543109116036524
0.7080289877194029
0.6755710289640827
0.5656743777436911
1.0615116396082802
0.44803503580452786
-0.0961417120576264
0.3369339393831192
-0.45619134338461237
0.277388861454475
1.5108282417017327
0.4629804792300072
0.16253068799939685
-0.061409842079291566
1.0451889642652714
