-0.31009450413551715
-0.17416499687407472
-0.5877956243518725
0.397218331771268
0.07348755136695188
0.45645960619414294
0.2879893783857391
0.8473409445021864
0.18597225624077857
0.27786124448474303
-0.13543400716628637
0.9275359201747406
0.9416217931919596
-0.40949873270708875
0.6978960616572035
1.116003096440067
1.055568243325899
0.013188648408041959
0.938541965453586
0.01569536607158084
0.5015766745294905
1.0561102262944169
0.5777565329879748
0.596394521262712
0.9076409060217085
0.6661196202764437
-0.11039974230903979
1.2999133467638908
0.7188048774730186
0.24393811565753837
0.2753867254085059
-0.11981387671210986
-0.1438854564855323
0.3232928498949225
0.0650043833130477
0.5794110747905489
0.4380936155211642
-0.3645888821165918
0.944790777542251
0.005448377645911315
1.078920174828661
-0.5783853495694531
1.1280202722238986
0.06761156637126475
-0.037012444857438556
0.6578851508310982
1.3881410487922723
1.0879156837666828
0.03987830516637302
-0.030176292709917257
0.11069241795844265
0.7264425068775779
0.7066531902457048
1.030820440186864
0.7111047007736053
0.7783643366436868
-0.1265674274138035
0.2701362496180316
0.5476790074580689
0.5444267579803939
0.5233651637082002
1.0862574409903272
0.18070426014803861
1.0466962466174317
0.5907914016809962
-0.1256635857721674
0.387380794034255
1.0976050553435797
1.49222314048732
0.9994649246267822
0.6993442494969786
0.7892461752684545
-0.11799826412241794
0.32591224590293644
-0.4513285084270668
1.3986017281199095
-0.2417314180397801
1.0825213177548656
0.6421402652675366
1.4604976409132806
-0.36450145926484623
0.41170550358616104
0.236128060632196
0.3663644318078052
0.22418127867363632
0.6408334504773777
0.3005751558172153
1.2710158084652219
0.33698683366885623
0.7198249569148201
0.6003645937977051
0.45856661599806303
1.5793206460101545
0.15881594669043347
-0.25994181474175665
0.5317104171953038
0.5264084567600323
0.41847560330976874
0.5204671295864897
0.5356507134897348
0.21632298052151228
0.9953534311400472
0.17366818334631579
0.5970837708359924
0.34831562975490793
0.832656701645647
0.9369654636478509
0.12951462101015787
0.13215134636355647
0.3835657725514222
1.6171153361267945
0.41250904728376553
0.9072114361691814
-0.5197936017418054
0.48989918304037683
1.0260444238304791
0.9151301439441677
0.09104248914964191
0.7828138191154403
0.2921142943024477
0.8200182110989647
0.2563971883975498
0.5408220261947265
-0.1511668040002917
-0.26806800817446447
-0.40784920542722275
0.820962445261028
0.37638339842003643
1.2433032460063516
-0.0737629972534251
0.38518955540261257
0.6542075846131832
0.23338658951834948
0.6151114584019263
0.9395967396379865
0.4005218959315974
-0.26718778458037984
-0.42503639167925117
0.8180119629401532
1.9525170744227316
0.48175185694532174
0.14984296085574078
0.39413080123225436
0.8357727648731579
0.5874443727680775
0.8182009166773149
0.538386907386814
0.7020634622276205
0.06405525684008102
0.41947079487317884
0.6471868029234012
-0.08208607458481937
0.10126821660246678
0.5144573613553636
0.358063043181227
0.4413544266176919
0.8559147486944555
0.7211787678242129
-0.12249473040665493
-0.23486536298716792
0.09834642313713865
0.10735650514740909
-0.37989327877817713
-0.17700496183422942
-0.21564059568218358
0.5078524675784134
0.9726886553415482
0.2426770688355124
0.7962132680919928
-0.13631927711235123
0.3150732523829046
0.03537525706714606
0.9022389723637405
0.6957623866526866
0.6222730930962264
0.5000748077370408
0.9953962439188115
1.2923233301238266
0.36135367037539917
0.8289136984910186
0.4611471587231205
0.021588741801525063
1.2462512768221936
0.09840282490544777
0.18939978190238596
0.5941141617840398
0.3558449295924633
0.2294806863709808
0.5575427681030729
1.598867715444981
-0.0314406854523835
-0.44804491634641835
0.4014593021632953
0.7467936785443945
0.06534001403239482
-0.16478057546225422
0.007681930500568056
-0.7720806552272187
0.3827681730703093
1.1521492976581662
1.8193507327515852
-0.4634722250600075
0.8333148180981448
0.7006404672859468
0.28047615847579355
1.3571051420396547
2.065289810493843
0.3324056912671402
1.4770989214163353
-0.04184214336528186
-0.55257893655617
1.286568456340421
0.1726051083323769
0.7931107246436367
-0.043861369521142626
1.3095933937694189
0.2198801696612506
0.4640781821886157
0.3159099913358846
-0.3679164412939089
0.6297180260501306
0.10520601625639998
1.4189414826971771
1.4295664100997931
-0.01753434814336098
-0.3204948415341915
0.18212406810559187
0.7526716069325821
0.7159704843062323
0.6717129489338513
0.29388209881280153
0.5457191245312626
0.5761260050806184
0.29817700961108484
0.6572391712270098
1.8616131597242294
0.7738455231277254
1.1854675715266934
1.1883192937972855
0.2596290536610693
0.5240542717720998
0.26996869841063464
0.24666265931419612
0.373771625410822
0.4206347325922122
1.0700963012845321
-0.09529664199318387
1.0590034367670969
0.3177319360230973
0.1265812658054597
-0.2909799335013099
0.5356627697652884
1.554463556526672
-0.1809575191223325
0.8508957175562168
-0.20124514354402
0.6243697571983604
0.532625536234716
0.3326151406742715
0.8249448287104645
1.0989347732668104
0.5238578798826078
1.327631110633092
0.5495407892880237
0.9444708686610278
0.9723495240013809
0.7031714728545811
0.10894036779896735
0.5516123688116187
0.40206796485143415
0.5293545378268381
0.6115977257024814
-0.3039626369489786
0.305528369335322
1.1376712040465797
1.3410494975209866
-0.4771594115723701
1.0575322933828941
0.46172645703315296
0.24457692715597593
0.8332816053715542
0.02263246670450403
0.9703262740865531
0.40277613316083755
0.3408589766526798
0.9575166205591618
1.1533836504742807
0.1354489043454824
0.12081752711248525
1.1487775673749778
0.9360740606297651
0.9469276002569154
0.13783885398083567
-0.017386116535618917
1.361994071928411
0.845084314463366
0.9186197501493127
-0.06174821603636578
0.7063765945302848
0.08642353360621075
0.5266070914739439
0.33151331819462876
0.15883417651694454
0.26941444485867355
1.1797540286720332
0.2091951437638963
1.3460566708334107
0.7787153791307556
1.231654126924855
1.6821519514135232
1.058721948924871
0.527875808301358
0.4773975963749619
0.6931122519188426
-0.33129596024497016
-0.00825567376977035
0.05050456132606103
0.46503716471973117
-0.08213471977345019
0.5867191810780265
1.2924472016256905
0.08254293981531055
0.6655662810057872
1.0083698513860044
0.2215955287107575
0.47847355987333184
1.3337535625630894
0.14823337225004907
1.3353781343685496
0.47829151019238175
0.602496599711693
-0.258860969051265
0.7885925510667682
-0.44666789965993164
0.9324703487894292
0.262413342851861
0.9396967855944935
0.255837260746802
0.4560293474641287
0.2504663241917205
0.9962817130982616
1.1911815322492383
0.8713850836620282
-0.0651936148111236
1.2393753057640085
0.7011628743696319
0.9674761368631453
0.4861162821984487
0.8344413586664094
-0.39499494968543186
1.484394137253472
-0.30366913007083896
1.0701451540239493
0.6081786740930247
-0.22511704870272128
-0.19191099076826743
0.6010763225228664
-0.017000437168149855
-0.1344940914268487
0.5885998357727216
0.8373970046445788
-0.15517912425987446
0.9964678661379748
1.4141327592126582
1.4268087340883302
-0.2905165893695659
-0.12430962984874713
0.7881164222358988
-0.41483341973135635
1.2980195380031938
1.789701667611993
0.4646291328244727
0.7525405016961613
0.39883913018348616
0.20261552014880152
-0.21367143878089165
-0.20055772280236556
0.8404002856124371
-0.264480439490558
0.5563671351527413
1.0556274897006164
0.5640658480238105
0.3626048230256656
0.32287647862282054
1.0197496274062994
0.644780108447502
0.09454021527766548
0.5967600838644151
-0.22337628987914337
0.7438464698050815
0.3466572981897412
0.7040765479730946
0.376628374455982
-0.10823431973052416
0.18094777385840397
-0.12345348372481231
0.7913500796026617
0.9438397848643211
0.07011778279804501
1.5662184342188556
1.0959971139739058
0.47805388826264994
0.22917078276692326
0.4033869741994185
0.5849990740818565
0.7743903134001526
0.2632968577453963
0.34958208774441424
0.4830500597164736
0.5244650299010533
1.108500607765491
1.5690507302832726
0.5237420363058418
0.6899458779592809
0.8511795142284486
0.898371497219659
-0.3924869867577205
0.781235607833838
1.171385635285022
0.7634310343450066
0.012479915247196743
0.260378454332448
0.08719388780895093
-0.2571389638000066
0.19465189386607296
-0.28189913602970595
0.9498981308570867
0.9700222455089267
0.6826234659197582
-0.3534995416913148
0.9653798177895697
0.39617809540730897
1.0993445194921734
1.1505455180623367
0.8795458656182424
1.13774693969633
0.25158916730056685
1.3808486850653723
0.148358770086575
0.42938824930795294
0.7814767109461601
1.0887968154666747
-0.1825865661444782
0.37199836841282785
0.6910076784135465
0.8605378124929125
0.7930147045881708
0.66698918169978
1.0747614518888058
0.46851077254972207
0.7675137952770524
0.8327204211181363
1.0394017957210873
1.0158959888202113
0.49442288550912133
0.36378345635827647
0.2695243485834423
0.7544605688754841
0.1968401372171161
0.04622106174729046
0.2377520916840879
0.475187768151825
1.716335102105099
0.16896789221605418
0.9953186546604775
0.846172335849762
0.9398209029685995
-0.46431356744362895
0.5094814833883802
-0.22844362182909247
-0.22767525556641863
1.1123733517745384
1.0143507124303024
-0.11916005358049284
0.0009162191416302312
0.6908626151320156
0.2278313376788387
0.46461475039758904
0.6126143671890331
0.21234451194961146
0.5188051661229655
1.3054562286244555
0.4479020739481143
1.358834767255569
-0.020739737622092955
0.3204946277148772
0.6148780504276004
-0.010178083658113398
0.06866735299055148
0.15948452863718487
-0.300694197834118
0.7327614724135119
0.9690337532829847
-0.348770560509124
0.5865473937308807
0.5701526735307278
-0.0455447541604736
1.6234551926427723
0.16537391402598506
1.2517923951274936
-0.3584954104838727
-0.48416395921406663
-0.430634488205062
0.46465298888240175
0.5721126818272931
0.5158084804559855
-0.04395388746831305
0.9578700897088843
0.2538994841041685
0.9175086692045968
0.23328287823847443
0.6708536941153989
0.9924604355362514
1.555725570298535
-0.3399728459314812
1.387800317322966
0.6065027218163994
1.296889025078329
0.8641341327166231
-0.10297156890594465
0.0385089437228489
0.7462767093515066
1.4127499219206312
0.07482651118665312
0.7742427134671392
0.41679066034440576
0.818071482755186
0.0013458463469779858
0.6146178989703435
0.673769503589466
0.6086508523099831
-0.06973092962643104
-0.1401482284135698
1.3670186928884633
0.9916905611519027
0.7345417170113796
0.8452403373339433
1.099069712150199
-0.30774792650620486
0.3753454252094325
0.5184237744612283
0.6573514661747581
1.200903440753556
1.2278700117600425
1.4064664473949453
-0.11797891737529903
1.1160120503619995
-0.024415812352669847
1.1996380629705148
0.3132507536756548
0.41807808248946804
0.5949894271670253
0.3093125444282767
0.3470836317613523
0.02316646222494409
0.40566427728918675
0.24566616824154872
0.8423705983241585
0.41544512378475185
0.002519271821986635
1.2132332461965458
0.39441606600060325
0.5939395563056231
0.19050058282240417
0.7572890296348077
0.5840846997826717
-0.25124956559773093
0.48392915367881634
0.5697418906176321
0.13208853374448887
0.30034865687667867
0.9975964571194088
0.46223067596185646
0.4551853089016711
1.1493243194718796
-0.1630598602695614
0.15841156793173217
0.46512101561982877
-0.6414878553264216
0.7949875904161385
1.5661271035788944
0.7104277183426189
0.12208921760982917
0.12126239523131954
0.1328475052574493
0.43739879810389865
0.6820671297124234
0.8437484246893852
-0.08730763487626989
0.9544314333253487
-0.035260427776854515
-0.07991561638627348
0.7722469195733863
1.7113026641629363
0.4777529896803125
0.46215469073298465
0.766988542953021
1.1167889880165165
0.36373777286572584
0.7318846907310111
0.23808921095520616
0.2539098311049909
1.3064996340735133
0.515073630405052
-0.339940424733199
-0.1153536262826889
0.8841040475945616
0.7580727865153721
0.973957274039593
-0.005467075245541252
0.9988263949366077
0.46344099484469115
0.42251510966208605
1.787226166394697
0.7620597231952746
0.7602374348750376
-0.43089702840254834
0.509609440220323
-0.4293661358585519
0.080422261265365
0.6196802258391131
0.8355819977202257
0.3801872213603993
0.08405100736469626
0.16439520943132435
-0.21546322373821541
0.6910185087831091
0.9978610700022458
0.6495929886811989
-0.09678147714786925
-0.012678822399337944
0.051930348728149583
0.8457972192932146
0.007095130365480318
0.8094760729622991
0.9858151269343267
1.4980772255074781
0.8507678613354853
-0.03126446024350712
0.7827415006152721
0.6207664082720408
1.2715723638723597
-0.011474728035817491
0.6230674114158149
1.4071771150907089
0.1777822215497303
1.8143459899198007
0.8014601347559256
0.7153828605464757
1.0450404694989381
0.49861471994589246
1.437473308730507
0.49428160742208693
0.6610785581150344
0.613201954835841
0.2842714237306231
-0.13828139213448226
-0.3075454086190168
0.8914771049638814
0.4674892279276217
0.5954798761811659
0.55558043230387
-0.2975015165956061
0.965115744105683
0.7287045182835572
0.6900502605668951
0.07790341685835443
0.1674101885692002
0.04566228967398453
1.5010989121973268
0.2313143418862287
0.855737833005503
-0.11846376899421021
0.3956781629522594
-0.40687933732520276
1.5123807771055517
0.9404185988741828
0.7346678884461564
1.3048623682200164
1.1728886456765781
0.6868655968652215
0.27503763435664
0.6790394446541593
-0.29302243959149843
0.6300656725000232
1.1912238416371426
0.012131257488637866
0.02153443389741172
0.7571790827610193
0.6952900836140633
0.5827067584855524
0.7494074795706773
1.270751011330427
1.3325384968013947
-0.18993482858322153
0.14567059818012412
0.5206923622488953
1.2163529128167663
0.10161418404968983
0.4727077769572743
0.09768450677957857
0.00627797630350356
0.6774355661484676
0.6171517205445761
0.16352501412484627
1.7797688397006721
0.5145924140474597
0.61905329699893
0.670169850594126
0.42497949689965525
0.6620962629182713
0.3193500687175349
0.8820380673865974
0.8876277298666675
0.3163107008641085
0.06653133004696957
0.2990379555456814
1.0170929032151417
0.6520948297082072
1.6982335887910782
0.8533345865629086
0.24193035796916731
0.14887659170464296
0.05662811407504585
1.0675201355002957
-0.10561630577753428
0.007653037131845161
0.7314442427862284
0.8740541547211852
-0.21644966227177412
0.834146518999005
0.1568723318647918
0.40484247476194246
0.18459875014195687
